(kicad_pcb (version 20171130) (host pcbnew 5.0.0+dfsg1-2~bpo9+1)

  (general
    (thickness 1.6)
    (drawings 6)
    (tracks 587)
    (zones 0)
    (modules 43)
    (nets 66)
  )

  (page A4)
  (title_block
    (title "Tensiometer measurement board")
    (company "Klaus Schneider-Zapp")
  )

  (layers
    (0 F.Cu signal)
    (31 B.Cu signal)
    (32 B.Adhes user)
    (33 F.Adhes user)
    (34 B.Paste user)
    (35 F.Paste user)
    (36 B.SilkS user)
    (37 F.SilkS user)
    (38 B.Mask user)
    (39 F.Mask user)
    (40 Dwgs.User user)
    (41 Cmts.User user)
    (42 Eco1.User user)
    (43 Eco2.User user)
    (44 Edge.Cuts user)
    (45 Margin user)
    (46 B.CrtYd user)
    (47 F.CrtYd user)
    (48 B.Fab user)
    (49 F.Fab user)
  )

  (setup
    (last_trace_width 0.508)
    (trace_clearance 0.2032)
    (zone_clearance 0.508)
    (zone_45_only no)
    (trace_min 0.2032)
    (segment_width 0.2)
    (edge_width 0.1)
    (via_size 1.27)
    (via_drill 0.508)
    (via_min_size 0.889)
    (via_min_drill 0.508)
    (uvia_size 1.27)
    (uvia_drill 0.508)
    (uvias_allowed no)
    (uvia_min_size 0)
    (uvia_min_drill 0)
    (pcb_text_width 0.3)
    (pcb_text_size 1.5 1.5)
    (mod_edge_width 0.15)
    (mod_text_size 1 1)
    (mod_text_width 0.15)
    (pad_size 1.5 1.5)
    (pad_drill 0.6)
    (pad_to_mask_clearance 0)
    (aux_axis_origin 0 0)
    (visible_elements FFFFFF1F)
    (pcbplotparams
      (layerselection 0x00000_80000001)
      (usegerberextensions false)
      (usegerberattributes false)
      (usegerberadvancedattributes false)
      (creategerberjobfile false)
      (excludeedgelayer true)
      (linewidth 0.100000)
      (plotframeref false)
      (viasonmask false)
      (mode 1)
      (useauxorigin false)
      (hpglpennumber 1)
      (hpglpenspeed 20)
      (hpglpendiameter 15.000000)
      (psnegative false)
      (psa4output false)
      (plotreference true)
      (plotvalue true)
      (plotinvisibletext false)
      (padsonsilk false)
      (subtractmaskfromsilk false)
      (outputformat 2)
      (mirror false)
      (drillshape 0)
      (scaleselection 1)
      (outputdirectory ""))
  )

  (net 0 "")
  (net 1 "Net-(C6-Pad1)")
  (net 2 "Net-(J3-Pad2)")
  (net 3 "Net-(J4-Pad1)")
  (net 4 "Net-(J4-Pad2)")
  (net 5 "Net-(J6-Pad3)")
  (net 6 "Net-(J6-Pad4)")
  (net 7 "Net-(U2-Pad1)")
  (net 8 "Net-(U2-Pad2)")
  (net 9 "Net-(U2-Pad11)")
  (net 10 "Net-(U3-Pad5)")
  (net 11 "Net-(P1-Pad6)")
  (net 12 "Net-(U1-Pad1)")
  (net 13 "Net-(U1-Pad12)")
  (net 14 "Net-(P1-Pad5)")
  (net 15 "Net-(P1-Pad4)")
  (net 16 "Net-(P1-Pad3)")
  (net 17 "Net-(U1-Pad19)")
  (net 18 "Net-(U1-Pad22)")
  (net 19 "Net-(U1-Pad23)")
  (net 20 "Net-(U1-Pad24)")
  (net 21 "Net-(U1-Pad25)")
  (net 22 "Net-(U1-Pad26)")
  (net 23 "Net-(U1-Pad28)")
  (net 24 "Net-(U1-Pad32)")
  (net 25 "Net-(U2-Pad10)")
  (net 26 "Net-(U2-Pad3)")
  (net 27 "Net-(U2-Pad4)")
  (net 28 "Net-(U2-Pad5)")
  (net 29 "Net-(U2-Pad6)")
  (net 30 "Net-(R2-Pad2)")
  (net 31 VCC)
  (net 32 "Net-(J2-Pad1)")
  (net 33 "Net-(J3-Pad1)")
  (net 34 "Net-(U1-Pad13)")
  (net 35 "Net-(U1-Pad14)")
  (net 36 "Net-(J2-Pad2)")
  (net 37 GNDA)
  (net 38 "Net-(R6-Pad1)")
  (net 39 "Net-(C3-Pad2)")
  (net 40 "Net-(R8-Pad1)")
  (net 41 "Net-(JP4-Pad2)")
  (net 42 "Net-(J1-Pad3)")
  (net 43 "Net-(JP1-Pad2)")
  (net 44 /12V)
  (net 45 "Net-(R1-Pad2)")
  (net 46 "Net-(R1-Pad1)")
  (net 47 "Net-(C4-Pad1)")
  (net 48 "Net-(U5-Pad2)")
  (net 49 "Net-(U5-Pad3)")
  (net 50 "Net-(U7-Pad3)")
  (net 51 "Net-(U7-Pad5)")
  (net 52 "Net-(C10-Pad1)")
  (net 53 "Net-(C9-Pad1)")
  (net 54 "Net-(J1-Pad1)")
  (net 55 "Net-(J1-Pad2)")
  (net 56 "Net-(U1-Pad2)")
  (net 57 "Net-(C7-Pad1)")
  (net 58 "Net-(U1-Pad9)")
  (net 59 "Net-(U1-Pad10)")
  (net 60 "Net-(U1-Pad11)")
  (net 61 "Net-(U5-Pad6)")
  (net 62 "Net-(P1-Pad7)")
  (net 63 "Net-(P1-Pad8)")
  (net 64 "Net-(C2-Pad1)")
  (net 65 "Net-(C3-Pad1)")

  (net_class Default "Dies ist die voreingestellte Netzklasse."
    (clearance 0.2032)
    (trace_width 0.508)
    (via_dia 1.27)
    (via_drill 0.508)
    (uvia_dia 1.27)
    (uvia_drill 0.508)
    (diff_pair_gap 0.254)
    (diff_pair_width 0.2032)
    (add_net /12V)
    (add_net GNDA)
    (add_net "Net-(C10-Pad1)")
    (add_net "Net-(C2-Pad1)")
    (add_net "Net-(C3-Pad1)")
    (add_net "Net-(C3-Pad2)")
    (add_net "Net-(C4-Pad1)")
    (add_net "Net-(C6-Pad1)")
    (add_net "Net-(C7-Pad1)")
    (add_net "Net-(C9-Pad1)")
    (add_net "Net-(J1-Pad1)")
    (add_net "Net-(J1-Pad2)")
    (add_net "Net-(J1-Pad3)")
    (add_net "Net-(J2-Pad1)")
    (add_net "Net-(J2-Pad2)")
    (add_net "Net-(J3-Pad1)")
    (add_net "Net-(J3-Pad2)")
    (add_net "Net-(J4-Pad1)")
    (add_net "Net-(J4-Pad2)")
    (add_net "Net-(J6-Pad3)")
    (add_net "Net-(J6-Pad4)")
    (add_net "Net-(JP1-Pad2)")
    (add_net "Net-(JP4-Pad2)")
    (add_net "Net-(P1-Pad3)")
    (add_net "Net-(P1-Pad4)")
    (add_net "Net-(P1-Pad5)")
    (add_net "Net-(P1-Pad6)")
    (add_net "Net-(P1-Pad7)")
    (add_net "Net-(P1-Pad8)")
    (add_net "Net-(R1-Pad1)")
    (add_net "Net-(R1-Pad2)")
    (add_net "Net-(R2-Pad2)")
    (add_net "Net-(R6-Pad1)")
    (add_net "Net-(R8-Pad1)")
    (add_net "Net-(U1-Pad1)")
    (add_net "Net-(U1-Pad10)")
    (add_net "Net-(U1-Pad11)")
    (add_net "Net-(U1-Pad12)")
    (add_net "Net-(U1-Pad13)")
    (add_net "Net-(U1-Pad14)")
    (add_net "Net-(U1-Pad19)")
    (add_net "Net-(U1-Pad2)")
    (add_net "Net-(U1-Pad22)")
    (add_net "Net-(U1-Pad23)")
    (add_net "Net-(U1-Pad24)")
    (add_net "Net-(U1-Pad25)")
    (add_net "Net-(U1-Pad26)")
    (add_net "Net-(U1-Pad28)")
    (add_net "Net-(U1-Pad32)")
    (add_net "Net-(U1-Pad9)")
    (add_net "Net-(U2-Pad1)")
    (add_net "Net-(U2-Pad10)")
    (add_net "Net-(U2-Pad11)")
    (add_net "Net-(U2-Pad2)")
    (add_net "Net-(U2-Pad3)")
    (add_net "Net-(U2-Pad4)")
    (add_net "Net-(U2-Pad5)")
    (add_net "Net-(U2-Pad6)")
    (add_net "Net-(U3-Pad5)")
    (add_net "Net-(U5-Pad2)")
    (add_net "Net-(U5-Pad3)")
    (add_net "Net-(U5-Pad6)")
    (add_net "Net-(U7-Pad3)")
    (add_net "Net-(U7-Pad5)")
    (add_net VCC)
  )

  (net_class "High current" ""
    (clearance 0.254)
    (trace_width 1.524)
    (via_dia 1.27)
    (via_drill 0.508)
    (uvia_dia 1.27)
    (uvia_drill 0.508)
    (diff_pair_gap 0.254)
    (diff_pair_width 0.2032)
  )

  (module Capacitor_SMD:C_0805_2012Metric (layer B.Cu) (tedit 5B36C52B) (tstamp 5BC399C4)
    (at 260.985 135.89 90)
    (descr "Capacitor SMD 0805 (2012 Metric), square (rectangular) end terminal, IPC_7351 nominal, (Body size source: https://docs.google.com/spreadsheets/d/1BsfQQcO9C6DZCsRaXUlFlo91Tg2WpOkGARC1WS5S8t0/edit?usp=sharing), generated with kicad-footprint-generator")
    (tags capacitor)
    (path /5BC49E76)
    (attr smd)
    (fp_text reference C11 (at 0 1.65 90) (layer B.SilkS)
      (effects (font (size 1 1) (thickness 0.15)) (justify mirror))
    )
    (fp_text value 100n (at 0 -1.65 90) (layer B.Fab)
      (effects (font (size 1 1) (thickness 0.15)) (justify mirror))
    )
    (fp_text user %R (at 0 0 90) (layer B.Fab)
      (effects (font (size 0.5 0.5) (thickness 0.08)) (justify mirror))
    )
    (fp_line (start 1.68 -0.95) (end -1.68 -0.95) (layer B.CrtYd) (width 0.05))
    (fp_line (start 1.68 0.95) (end 1.68 -0.95) (layer B.CrtYd) (width 0.05))
    (fp_line (start -1.68 0.95) (end 1.68 0.95) (layer B.CrtYd) (width 0.05))
    (fp_line (start -1.68 -0.95) (end -1.68 0.95) (layer B.CrtYd) (width 0.05))
    (fp_line (start -0.258578 -0.71) (end 0.258578 -0.71) (layer B.SilkS) (width 0.12))
    (fp_line (start -0.258578 0.71) (end 0.258578 0.71) (layer B.SilkS) (width 0.12))
    (fp_line (start 1 -0.6) (end -1 -0.6) (layer B.Fab) (width 0.1))
    (fp_line (start 1 0.6) (end 1 -0.6) (layer B.Fab) (width 0.1))
    (fp_line (start -1 0.6) (end 1 0.6) (layer B.Fab) (width 0.1))
    (fp_line (start -1 -0.6) (end -1 0.6) (layer B.Fab) (width 0.1))
    (pad 2 smd roundrect (at 0.9375 0 90) (size 0.975 1.4) (layers B.Cu B.Paste B.Mask) (roundrect_rratio 0.25)
      (net 37 GNDA))
    (pad 1 smd roundrect (at -0.9375 0 90) (size 0.975 1.4) (layers B.Cu B.Paste B.Mask) (roundrect_rratio 0.25)
      (net 31 VCC))
    (model ${KISYS3DMOD}/Capacitor_SMD.3dshapes/C_0805_2012Metric.wrl
      (at (xyz 0 0 0))
      (scale (xyz 1 1 1))
      (rotate (xyz 0 0 0))
    )
  )

  (module Capacitor_SMD:C_0805_2012Metric (layer B.Cu) (tedit 5B36C52B) (tstamp 5BC399B3)
    (at 259.08 135.89 90)
    (descr "Capacitor SMD 0805 (2012 Metric), square (rectangular) end terminal, IPC_7351 nominal, (Body size source: https://docs.google.com/spreadsheets/d/1BsfQQcO9C6DZCsRaXUlFlo91Tg2WpOkGARC1WS5S8t0/edit?usp=sharing), generated with kicad-footprint-generator")
    (tags capacitor)
    (path /5BCD4E7F)
    (attr smd)
    (fp_text reference C12 (at 0 1.65 90) (layer B.SilkS)
      (effects (font (size 1 1) (thickness 0.15)) (justify mirror))
    )
    (fp_text value 10u (at 0 -1.65 90) (layer B.Fab)
      (effects (font (size 1 1) (thickness 0.15)) (justify mirror))
    )
    (fp_line (start -1 -0.6) (end -1 0.6) (layer B.Fab) (width 0.1))
    (fp_line (start -1 0.6) (end 1 0.6) (layer B.Fab) (width 0.1))
    (fp_line (start 1 0.6) (end 1 -0.6) (layer B.Fab) (width 0.1))
    (fp_line (start 1 -0.6) (end -1 -0.6) (layer B.Fab) (width 0.1))
    (fp_line (start -0.258578 0.71) (end 0.258578 0.71) (layer B.SilkS) (width 0.12))
    (fp_line (start -0.258578 -0.71) (end 0.258578 -0.71) (layer B.SilkS) (width 0.12))
    (fp_line (start -1.68 -0.95) (end -1.68 0.95) (layer B.CrtYd) (width 0.05))
    (fp_line (start -1.68 0.95) (end 1.68 0.95) (layer B.CrtYd) (width 0.05))
    (fp_line (start 1.68 0.95) (end 1.68 -0.95) (layer B.CrtYd) (width 0.05))
    (fp_line (start 1.68 -0.95) (end -1.68 -0.95) (layer B.CrtYd) (width 0.05))
    (fp_text user %R (at 0 0 90) (layer B.Fab)
      (effects (font (size 0.5 0.5) (thickness 0.08)) (justify mirror))
    )
    (pad 1 smd roundrect (at -0.9375 0 90) (size 0.975 1.4) (layers B.Cu B.Paste B.Mask) (roundrect_rratio 0.25)
      (net 31 VCC))
    (pad 2 smd roundrect (at 0.9375 0 90) (size 0.975 1.4) (layers B.Cu B.Paste B.Mask) (roundrect_rratio 0.25)
      (net 37 GNDA))
    (model ${KISYS3DMOD}/Capacitor_SMD.3dshapes/C_0805_2012Metric.wrl
      (at (xyz 0 0 0))
      (scale (xyz 1 1 1))
      (rotate (xyz 0 0 0))
    )
  )

  (module Capacitor_SMD:C_0805_2012Metric (layer B.Cu) (tedit 5B36C52B) (tstamp 5BC38DC5)
    (at 250.571 128.524 180)
    (descr "Capacitor SMD 0805 (2012 Metric), square (rectangular) end terminal, IPC_7351 nominal, (Body size source: https://docs.google.com/spreadsheets/d/1BsfQQcO9C6DZCsRaXUlFlo91Tg2WpOkGARC1WS5S8t0/edit?usp=sharing), generated with kicad-footprint-generator")
    (tags capacitor)
    (path /5BCEE1B3)
    (attr smd)
    (fp_text reference C2 (at 0 1.65 180) (layer B.SilkS)
      (effects (font (size 1 1) (thickness 0.15)) (justify mirror))
    )
    (fp_text value 100n (at 0 -1.65 180) (layer B.Fab)
      (effects (font (size 1 1) (thickness 0.15)) (justify mirror))
    )
    (fp_line (start -1 -0.6) (end -1 0.6) (layer B.Fab) (width 0.1))
    (fp_line (start -1 0.6) (end 1 0.6) (layer B.Fab) (width 0.1))
    (fp_line (start 1 0.6) (end 1 -0.6) (layer B.Fab) (width 0.1))
    (fp_line (start 1 -0.6) (end -1 -0.6) (layer B.Fab) (width 0.1))
    (fp_line (start -0.258578 0.71) (end 0.258578 0.71) (layer B.SilkS) (width 0.12))
    (fp_line (start -0.258578 -0.71) (end 0.258578 -0.71) (layer B.SilkS) (width 0.12))
    (fp_line (start -1.68 -0.95) (end -1.68 0.95) (layer B.CrtYd) (width 0.05))
    (fp_line (start -1.68 0.95) (end 1.68 0.95) (layer B.CrtYd) (width 0.05))
    (fp_line (start 1.68 0.95) (end 1.68 -0.95) (layer B.CrtYd) (width 0.05))
    (fp_line (start 1.68 -0.95) (end -1.68 -0.95) (layer B.CrtYd) (width 0.05))
    (fp_text user %R (at 0 0 180) (layer B.Fab)
      (effects (font (size 0.5 0.5) (thickness 0.08)) (justify mirror))
    )
    (pad 1 smd roundrect (at -0.9375 0 180) (size 0.975 1.4) (layers B.Cu B.Paste B.Mask) (roundrect_rratio 0.25)
      (net 64 "Net-(C2-Pad1)"))
    (pad 2 smd roundrect (at 0.9375 0 180) (size 0.975 1.4) (layers B.Cu B.Paste B.Mask) (roundrect_rratio 0.25)
      (net 37 GNDA))
    (model ${KISYS3DMOD}/Capacitor_SMD.3dshapes/C_0805_2012Metric.wrl
      (at (xyz 0 0 0))
      (scale (xyz 1 1 1))
      (rotate (xyz 0 0 0))
    )
  )

  (module ICs_SMD_K:SOIC18_300 (layer F.Cu) (tedit 4CA328BA) (tstamp 5BB0A5A3)
    (at 232.9815 129.2225 270)
    (descr "SOIC 300mil 18pin")
    (path /5B8D74E0)
    (fp_text reference U2 (at -7.59968 0) (layer F.SilkS)
      (effects (font (size 1.524 1.524) (thickness 0.3048)))
    )
    (fp_text value MCP2515-E/SO (at 7.62 0) (layer F.SilkS)
      (effects (font (size 1.524 1.524) (thickness 0.3048)))
    )
    (fp_line (start 5.90042 3.79984) (end -5.90042 3.79984) (layer F.SilkS) (width 0.381))
    (fp_line (start -5.90042 -3.79984) (end 5.90042 -3.79984) (layer F.SilkS) (width 0.381))
    (fp_line (start 5.86486 -3.79984) (end 5.86486 3.79984) (layer F.SilkS) (width 0.381))
    (fp_line (start -5.93344 3.79984) (end -5.93344 -3.79984) (layer F.SilkS) (width 0.381))
    (fp_circle (center 5.0419 -3.04038) (end 5.2324 -3.04038) (layer F.SilkS) (width 0.381))
    (pad 15 smd rect (at 1.27 5.08 270) (size 0.762 1.651) (layers F.Cu F.Paste F.Mask)
      (net 15 "Net-(P1-Pad4)"))
    (pad 14 smd rect (at 0 5.08 270) (size 0.762 1.651) (layers F.Cu F.Paste F.Mask)
      (net 14 "Net-(P1-Pad5)"))
    (pad 12 smd rect (at -2.54 5.08 270) (size 0.762 1.651) (layers F.Cu F.Paste F.Mask)
      (net 24 "Net-(U1-Pad32)"))
    (pad 13 smd rect (at -1.27 5.08 270) (size 0.762 1.651) (layers F.Cu F.Paste F.Mask)
      (net 16 "Net-(P1-Pad3)"))
    (pad 11 smd rect (at -3.81 5.08 270) (size 0.762 1.651) (layers F.Cu F.Paste F.Mask)
      (net 9 "Net-(U2-Pad11)"))
    (pad 10 smd rect (at -5.08 5.08 270) (size 0.762 1.651) (layers F.Cu F.Paste F.Mask)
      (net 25 "Net-(U2-Pad10)"))
    (pad 16 smd rect (at 2.54 5.08 270) (size 0.762 1.651) (layers F.Cu F.Paste F.Mask)
      (net 13 "Net-(U1-Pad12)"))
    (pad 17 smd rect (at 3.81 5.08 270) (size 0.762 1.651) (layers F.Cu F.Paste F.Mask)
      (net 11 "Net-(P1-Pad6)"))
    (pad 18 smd rect (at 5.08 5.08 270) (size 0.762 1.651) (layers F.Cu F.Paste F.Mask)
      (net 31 VCC))
    (pad 1 smd rect (at 5.08 -5.08 270) (size 0.762 1.651) (layers F.Cu F.Paste F.Mask)
      (net 7 "Net-(U2-Pad1)"))
    (pad 2 smd rect (at 3.81 -5.08 270) (size 0.762 1.651) (layers F.Cu F.Paste F.Mask)
      (net 8 "Net-(U2-Pad2)"))
    (pad 3 smd rect (at 2.54 -5.08 270) (size 0.762 1.651) (layers F.Cu F.Paste F.Mask)
      (net 26 "Net-(U2-Pad3)"))
    (pad 4 smd rect (at 1.27 -5.08 270) (size 0.762 1.651) (layers F.Cu F.Paste F.Mask)
      (net 27 "Net-(U2-Pad4)"))
    (pad 5 smd rect (at 0 -5.08 270) (size 0.762 1.651) (layers F.Cu F.Paste F.Mask)
      (net 28 "Net-(U2-Pad5)"))
    (pad 6 smd rect (at -1.27 -5.08 270) (size 0.762 1.651) (layers F.Cu F.Paste F.Mask)
      (net 29 "Net-(U2-Pad6)"))
    (pad 7 smd rect (at -2.54 -5.08 270) (size 0.762 1.651) (layers F.Cu F.Paste F.Mask)
      (net 52 "Net-(C10-Pad1)"))
    (pad 8 smd rect (at -3.81 -5.08 270) (size 0.762 1.651) (layers F.Cu F.Paste F.Mask)
      (net 53 "Net-(C9-Pad1)"))
    (pad 9 smd rect (at -5.08 -5.08 270) (size 0.762 1.651) (layers F.Cu F.Paste F.Mask)
      (net 37 GNDA))
  )

  (module Resistor_SMD:R_0805_2012Metric (layer F.Cu) (tedit 5B36C52B) (tstamp 5BCE4592)
    (at 241.935 144.145)
    (descr "Resistor SMD 0805 (2012 Metric), square (rectangular) end terminal, IPC_7351 nominal, (Body size source: https://docs.google.com/spreadsheets/d/1BsfQQcO9C6DZCsRaXUlFlo91Tg2WpOkGARC1WS5S8t0/edit?usp=sharing), generated with kicad-footprint-generator")
    (tags resistor)
    (path /5B93C52D)
    (attr smd)
    (fp_text reference JP1 (at 0 -1.65) (layer F.SilkS)
      (effects (font (size 1 1) (thickness 0.15)))
    )
    (fp_text value a10 (at 0 1.65) (layer F.Fab)
      (effects (font (size 1 1) (thickness 0.15)))
    )
    (fp_line (start -1 0.6) (end -1 -0.6) (layer F.Fab) (width 0.1))
    (fp_line (start -1 -0.6) (end 1 -0.6) (layer F.Fab) (width 0.1))
    (fp_line (start 1 -0.6) (end 1 0.6) (layer F.Fab) (width 0.1))
    (fp_line (start 1 0.6) (end -1 0.6) (layer F.Fab) (width 0.1))
    (fp_line (start -0.258578 -0.71) (end 0.258578 -0.71) (layer F.SilkS) (width 0.12))
    (fp_line (start -0.258578 0.71) (end 0.258578 0.71) (layer F.SilkS) (width 0.12))
    (fp_line (start -1.68 0.95) (end -1.68 -0.95) (layer F.CrtYd) (width 0.05))
    (fp_line (start -1.68 -0.95) (end 1.68 -0.95) (layer F.CrtYd) (width 0.05))
    (fp_line (start 1.68 -0.95) (end 1.68 0.95) (layer F.CrtYd) (width 0.05))
    (fp_line (start 1.68 0.95) (end -1.68 0.95) (layer F.CrtYd) (width 0.05))
    (fp_text user %R (at 0 0) (layer F.Fab)
      (effects (font (size 0.5 0.5) (thickness 0.08)))
    )
    (pad 1 smd roundrect (at -0.9375 0) (size 0.975 1.4) (layers F.Cu F.Paste F.Mask) (roundrect_rratio 0.25)
      (net 42 "Net-(J1-Pad3)"))
    (pad 2 smd roundrect (at 0.9375 0) (size 0.975 1.4) (layers F.Cu F.Paste F.Mask) (roundrect_rratio 0.25)
      (net 43 "Net-(JP1-Pad2)"))
    (model ${KISYS3DMOD}/Resistor_SMD.3dshapes/R_0805_2012Metric.wrl
      (at (xyz 0 0 0))
      (scale (xyz 1 1 1))
      (rotate (xyz 0 0 0))
    )
  )

  (module Capacitor_SMD:C_0805_2012Metric (layer B.Cu) (tedit 5B36C52B) (tstamp 5BBFEBBB)
    (at 226.187 120.396)
    (descr "Capacitor SMD 0805 (2012 Metric), square (rectangular) end terminal, IPC_7351 nominal, (Body size source: https://docs.google.com/spreadsheets/d/1BsfQQcO9C6DZCsRaXUlFlo91Tg2WpOkGARC1WS5S8t0/edit?usp=sharing), generated with kicad-footprint-generator")
    (tags capacitor)
    (path /5B871E4A)
    (attr smd)
    (fp_text reference C7 (at 0 1.65) (layer B.SilkS)
      (effects (font (size 1 1) (thickness 0.15)) (justify mirror))
    )
    (fp_text value 22p (at 0 -1.65) (layer B.Fab)
      (effects (font (size 1 1) (thickness 0.15)) (justify mirror))
    )
    (fp_line (start -1 -0.6) (end -1 0.6) (layer B.Fab) (width 0.1))
    (fp_line (start -1 0.6) (end 1 0.6) (layer B.Fab) (width 0.1))
    (fp_line (start 1 0.6) (end 1 -0.6) (layer B.Fab) (width 0.1))
    (fp_line (start 1 -0.6) (end -1 -0.6) (layer B.Fab) (width 0.1))
    (fp_line (start -0.258578 0.71) (end 0.258578 0.71) (layer B.SilkS) (width 0.12))
    (fp_line (start -0.258578 -0.71) (end 0.258578 -0.71) (layer B.SilkS) (width 0.12))
    (fp_line (start -1.68 -0.95) (end -1.68 0.95) (layer B.CrtYd) (width 0.05))
    (fp_line (start -1.68 0.95) (end 1.68 0.95) (layer B.CrtYd) (width 0.05))
    (fp_line (start 1.68 0.95) (end 1.68 -0.95) (layer B.CrtYd) (width 0.05))
    (fp_line (start 1.68 -0.95) (end -1.68 -0.95) (layer B.CrtYd) (width 0.05))
    (fp_text user %R (at 0 0) (layer B.Fab)
      (effects (font (size 0.5 0.5) (thickness 0.08)) (justify mirror))
    )
    (pad 1 smd roundrect (at -0.9375 0) (size 0.975 1.4) (layers B.Cu B.Paste B.Mask) (roundrect_rratio 0.25)
      (net 57 "Net-(C7-Pad1)"))
    (pad 2 smd roundrect (at 0.9375 0) (size 0.975 1.4) (layers B.Cu B.Paste B.Mask) (roundrect_rratio 0.25)
      (net 37 GNDA))
    (model ${KISYS3DMOD}/Capacitor_SMD.3dshapes/C_0805_2012Metric.wrl
      (at (xyz 0 0 0))
      (scale (xyz 1 1 1))
      (rotate (xyz 0 0 0))
    )
  )

  (module Capacitor_SMD:C_0805_2012Metric (layer B.Cu) (tedit 5B36C52B) (tstamp 5B9E5AEC)
    (at 244.729 136.398 270)
    (descr "Capacitor SMD 0805 (2012 Metric), square (rectangular) end terminal, IPC_7351 nominal, (Body size source: https://docs.google.com/spreadsheets/d/1BsfQQcO9C6DZCsRaXUlFlo91Tg2WpOkGARC1WS5S8t0/edit?usp=sharing), generated with kicad-footprint-generator")
    (tags capacitor)
    (path /5B8D8847)
    (attr smd)
    (fp_text reference C4 (at 0 1.65 270) (layer B.SilkS)
      (effects (font (size 1 1) (thickness 0.15)) (justify mirror))
    )
    (fp_text value 100n (at 0 -1.65 270) (layer B.Fab)
      (effects (font (size 1 1) (thickness 0.15)) (justify mirror))
    )
    (fp_line (start -1 -0.6) (end -1 0.6) (layer B.Fab) (width 0.1))
    (fp_line (start -1 0.6) (end 1 0.6) (layer B.Fab) (width 0.1))
    (fp_line (start 1 0.6) (end 1 -0.6) (layer B.Fab) (width 0.1))
    (fp_line (start 1 -0.6) (end -1 -0.6) (layer B.Fab) (width 0.1))
    (fp_line (start -0.258578 0.71) (end 0.258578 0.71) (layer B.SilkS) (width 0.12))
    (fp_line (start -0.258578 -0.71) (end 0.258578 -0.71) (layer B.SilkS) (width 0.12))
    (fp_line (start -1.68 -0.95) (end -1.68 0.95) (layer B.CrtYd) (width 0.05))
    (fp_line (start -1.68 0.95) (end 1.68 0.95) (layer B.CrtYd) (width 0.05))
    (fp_line (start 1.68 0.95) (end 1.68 -0.95) (layer B.CrtYd) (width 0.05))
    (fp_line (start 1.68 -0.95) (end -1.68 -0.95) (layer B.CrtYd) (width 0.05))
    (fp_text user %R (at 0 0 270) (layer B.Fab)
      (effects (font (size 0.5 0.5) (thickness 0.08)) (justify mirror))
    )
    (pad 1 smd roundrect (at -0.9375 0 270) (size 0.975 1.4) (layers B.Cu B.Paste B.Mask) (roundrect_rratio 0.25)
      (net 47 "Net-(C4-Pad1)"))
    (pad 2 smd roundrect (at 0.9375 0 270) (size 0.975 1.4) (layers B.Cu B.Paste B.Mask) (roundrect_rratio 0.25)
      (net 37 GNDA))
    (model ${KISYS3DMOD}/Capacitor_SMD.3dshapes/C_0805_2012Metric.wrl
      (at (xyz 0 0 0))
      (scale (xyz 1 1 1))
      (rotate (xyz 0 0 0))
    )
  )

  (module Package_DIP:DIP-8_W7.62mm (layer F.Cu) (tedit 5A02E8C5) (tstamp 5BCE4673)
    (at 266.7 127.635 180)
    (descr "8-lead though-hole mounted DIP package, row spacing 7.62 mm (300 mils)")
    (tags "THT DIP DIL PDIP 2.54mm 7.62mm 300mil")
    (path /5B8D8404)
    (fp_text reference U7 (at 3.81 -2.33 180) (layer F.SilkS)
      (effects (font (size 1 1) (thickness 0.15)))
    )
    (fp_text value REF02 (at 3.81 9.95 180) (layer F.Fab)
      (effects (font (size 1 1) (thickness 0.15)))
    )
    (fp_text user %R (at 3.81 3.81 180) (layer F.Fab)
      (effects (font (size 1 1) (thickness 0.15)))
    )
    (fp_line (start 8.7 -1.55) (end -1.1 -1.55) (layer F.CrtYd) (width 0.05))
    (fp_line (start 8.7 9.15) (end 8.7 -1.55) (layer F.CrtYd) (width 0.05))
    (fp_line (start -1.1 9.15) (end 8.7 9.15) (layer F.CrtYd) (width 0.05))
    (fp_line (start -1.1 -1.55) (end -1.1 9.15) (layer F.CrtYd) (width 0.05))
    (fp_line (start 6.46 -1.33) (end 4.81 -1.33) (layer F.SilkS) (width 0.12))
    (fp_line (start 6.46 8.95) (end 6.46 -1.33) (layer F.SilkS) (width 0.12))
    (fp_line (start 1.16 8.95) (end 6.46 8.95) (layer F.SilkS) (width 0.12))
    (fp_line (start 1.16 -1.33) (end 1.16 8.95) (layer F.SilkS) (width 0.12))
    (fp_line (start 2.81 -1.33) (end 1.16 -1.33) (layer F.SilkS) (width 0.12))
    (fp_line (start 0.635 -0.27) (end 1.635 -1.27) (layer F.Fab) (width 0.1))
    (fp_line (start 0.635 8.89) (end 0.635 -0.27) (layer F.Fab) (width 0.1))
    (fp_line (start 6.985 8.89) (end 0.635 8.89) (layer F.Fab) (width 0.1))
    (fp_line (start 6.985 -1.27) (end 6.985 8.89) (layer F.Fab) (width 0.1))
    (fp_line (start 1.635 -1.27) (end 6.985 -1.27) (layer F.Fab) (width 0.1))
    (fp_arc (start 3.81 -1.33) (end 2.81 -1.33) (angle -180) (layer F.SilkS) (width 0.12))
    (pad 8 thru_hole oval (at 7.62 0 180) (size 1.6 1.6) (drill 0.8) (layers *.Cu *.Mask))
    (pad 4 thru_hole oval (at 0 7.62 180) (size 1.6 1.6) (drill 0.8) (layers *.Cu *.Mask)
      (net 37 GNDA))
    (pad 7 thru_hole oval (at 7.62 2.54 180) (size 1.6 1.6) (drill 0.8) (layers *.Cu *.Mask))
    (pad 3 thru_hole oval (at 0 5.08 180) (size 1.6 1.6) (drill 0.8) (layers *.Cu *.Mask)
      (net 50 "Net-(U7-Pad3)"))
    (pad 6 thru_hole oval (at 7.62 5.08 180) (size 1.6 1.6) (drill 0.8) (layers *.Cu *.Mask)
      (net 38 "Net-(R6-Pad1)"))
    (pad 2 thru_hole oval (at 0 2.54 180) (size 1.6 1.6) (drill 0.8) (layers *.Cu *.Mask)
      (net 65 "Net-(C3-Pad1)"))
    (pad 5 thru_hole oval (at 7.62 7.62 180) (size 1.6 1.6) (drill 0.8) (layers *.Cu *.Mask)
      (net 51 "Net-(U7-Pad5)"))
    (pad 1 thru_hole rect (at 0 0 180) (size 1.6 1.6) (drill 0.8) (layers *.Cu *.Mask))
    (model ${KISYS3DMOD}/Package_DIP.3dshapes/DIP-8_W7.62mm.wrl
      (at (xyz 0 0 0))
      (scale (xyz 1 1 1))
      (rotate (xyz 0 0 0))
    )
  )

  (module Inductor_SMD:L_0805_2012Metric (layer B.Cu) (tedit 5B36C52B) (tstamp 5BDB5AD7)
    (at 244.729 132.842 270)
    (descr "Inductor SMD 0805 (2012 Metric), square (rectangular) end terminal, IPC_7351 nominal, (Body size source: https://docs.google.com/spreadsheets/d/1BsfQQcO9C6DZCsRaXUlFlo91Tg2WpOkGARC1WS5S8t0/edit?usp=sharing), generated with kicad-footprint-generator")
    (tags inductor)
    (path /5B8D88C2)
    (attr smd)
    (fp_text reference L1 (at 0 1.65 270) (layer B.SilkS)
      (effects (font (size 1 1) (thickness 0.15)) (justify mirror))
    )
    (fp_text value 10µ (at 0 -1.65 270) (layer B.Fab)
      (effects (font (size 1 1) (thickness 0.15)) (justify mirror))
    )
    (fp_line (start -1 -0.6) (end -1 0.6) (layer B.Fab) (width 0.1))
    (fp_line (start -1 0.6) (end 1 0.6) (layer B.Fab) (width 0.1))
    (fp_line (start 1 0.6) (end 1 -0.6) (layer B.Fab) (width 0.1))
    (fp_line (start 1 -0.6) (end -1 -0.6) (layer B.Fab) (width 0.1))
    (fp_line (start -0.258578 0.71) (end 0.258578 0.71) (layer B.SilkS) (width 0.12))
    (fp_line (start -0.258578 -0.71) (end 0.258578 -0.71) (layer B.SilkS) (width 0.12))
    (fp_line (start -1.68 -0.95) (end -1.68 0.95) (layer B.CrtYd) (width 0.05))
    (fp_line (start -1.68 0.95) (end 1.68 0.95) (layer B.CrtYd) (width 0.05))
    (fp_line (start 1.68 0.95) (end 1.68 -0.95) (layer B.CrtYd) (width 0.05))
    (fp_line (start 1.68 -0.95) (end -1.68 -0.95) (layer B.CrtYd) (width 0.05))
    (fp_text user %R (at 0 0 270) (layer B.Fab)
      (effects (font (size 0.5 0.5) (thickness 0.08)) (justify mirror))
    )
    (pad 1 smd roundrect (at -0.9375 0 270) (size 0.975 1.4) (layers B.Cu B.Paste B.Mask) (roundrect_rratio 0.25)
      (net 31 VCC))
    (pad 2 smd roundrect (at 0.9375 0 270) (size 0.975 1.4) (layers B.Cu B.Paste B.Mask) (roundrect_rratio 0.25)
      (net 47 "Net-(C4-Pad1)"))
    (model ${KISYS3DMOD}/Inductor_SMD.3dshapes/L_0805_2012Metric.wrl
      (at (xyz 0 0 0))
      (scale (xyz 1 1 1))
      (rotate (xyz 0 0 0))
    )
  )

  (module ICs_SMD_K:TQFP32 (layer B.Cu) (tedit 5BC307E4) (tstamp 5BDB438C)
    (at 237.617 137.16)
    (path /5B8833B0)
    (fp_text reference U1 (at 0 1.27) (layer B.SilkS)
      (effects (font (size 1.27 1.016) (thickness 0.2032)) (justify mirror))
    )
    (fp_text value ATMEGA168PA-AU (at 0 -1.905) (layer B.SilkS)
      (effects (font (size 1.27 1.016) (thickness 0.2032)) (justify mirror))
    )
    (fp_line (start 5.0292 -2.7686) (end 3.8862 -2.7686) (layer B.SilkS) (width 0.1524))
    (fp_line (start 5.0292 2.7686) (end 3.9116 2.7686) (layer B.SilkS) (width 0.1524))
    (fp_line (start 5.0292 -2.7686) (end 5.0292 2.7686) (layer B.SilkS) (width 0.1524))
    (fp_line (start 2.794 -3.9624) (end 2.794 -5.0546) (layer B.SilkS) (width 0.1524))
    (fp_line (start -2.8194 -3.9878) (end -2.8194 -5.0546) (layer B.SilkS) (width 0.1524))
    (fp_line (start -2.8448 -5.0546) (end 2.794 -5.08) (layer B.SilkS) (width 0.1524))
    (fp_line (start -2.794 5.0292) (end 2.7178 5.0546) (layer B.SilkS) (width 0.1524))
    (fp_line (start -3.8862 3.2766) (end -3.8862 -3.9116) (layer B.SilkS) (width 0.1524))
    (fp_line (start 2.7432 5.0292) (end 2.7432 3.9878) (layer B.SilkS) (width 0.1524))
    (fp_line (start -3.2512 3.8862) (end 3.81 3.8862) (layer B.SilkS) (width 0.1524))
    (fp_line (start 3.8608 -3.937) (end 3.8608 3.7846) (layer B.SilkS) (width 0.1524))
    (fp_line (start -3.8862 -3.937) (end 3.7338 -3.937) (layer B.SilkS) (width 0.1524))
    (fp_line (start -5.0292 2.8448) (end -5.0292 -2.794) (layer B.SilkS) (width 0.1524))
    (fp_line (start -5.0292 -2.794) (end -3.8862 -2.794) (layer B.SilkS) (width 0.1524))
    (fp_line (start -3.87604 3.302) (end -3.29184 3.8862) (layer B.SilkS) (width 0.1524))
    (fp_line (start -5.02412 2.8448) (end -3.87604 2.8448) (layer B.SilkS) (width 0.1524))
    (fp_line (start -2.794 3.8862) (end -2.794 5.03428) (layer B.SilkS) (width 0.1524))
    (fp_circle (center -2.83972 2.86004) (end -2.43332 2.60604) (layer B.SilkS) (width 0.1524))
    (pad 8 smd rect (at -4.81584 -2.77622) (size 1.99898 0.44958) (layers B.Cu B.Paste B.Mask)
      (net 1 "Net-(C6-Pad1)"))
    (pad 7 smd rect (at -4.81584 -1.97612) (size 1.99898 0.44958) (layers B.Cu B.Paste B.Mask)
      (net 57 "Net-(C7-Pad1)"))
    (pad 6 smd rect (at -4.81584 -1.17602) (size 1.99898 0.44958) (layers B.Cu B.Paste B.Mask)
      (net 31 VCC))
    (pad 5 smd rect (at -4.81584 -0.37592) (size 1.99898 0.44958) (layers B.Cu B.Paste B.Mask)
      (net 37 GNDA))
    (pad 4 smd rect (at -4.81584 0.42418) (size 1.99898 0.44958) (layers B.Cu B.Paste B.Mask)
      (net 31 VCC))
    (pad 3 smd rect (at -4.81584 1.22428) (size 1.99898 0.44958) (layers B.Cu B.Paste B.Mask)
      (net 37 GNDA))
    (pad 2 smd rect (at -4.81584 2.02438) (size 1.99898 0.44958) (layers B.Cu B.Paste B.Mask)
      (net 56 "Net-(U1-Pad2)"))
    (pad 1 smd rect (at -4.81584 2.82448) (size 1.99898 0.44958) (layers B.Cu B.Paste B.Mask)
      (net 12 "Net-(U1-Pad1)"))
    (pad 24 smd rect (at 4.7498 2.8194) (size 1.99898 0.44958) (layers B.Cu B.Paste B.Mask)
      (net 20 "Net-(U1-Pad24)"))
    (pad 17 smd rect (at 4.7498 -2.794) (size 1.99898 0.44958) (layers B.Cu B.Paste B.Mask)
      (net 16 "Net-(P1-Pad3)"))
    (pad 18 smd rect (at 4.7498 -1.9812) (size 1.99898 0.44958) (layers B.Cu B.Paste B.Mask)
      (net 47 "Net-(C4-Pad1)"))
    (pad 19 smd rect (at 4.7498 -1.1684) (size 1.99898 0.44958) (layers B.Cu B.Paste B.Mask)
      (net 17 "Net-(U1-Pad19)"))
    (pad 20 smd rect (at 4.7498 -0.381) (size 1.99898 0.44958) (layers B.Cu B.Paste B.Mask)
      (net 64 "Net-(C2-Pad1)"))
    (pad 21 smd rect (at 4.7498 0.4318) (size 1.99898 0.44958) (layers B.Cu B.Paste B.Mask)
      (net 37 GNDA))
    (pad 22 smd rect (at 4.7498 1.2192) (size 1.99898 0.44958) (layers B.Cu B.Paste B.Mask)
      (net 18 "Net-(U1-Pad22)"))
    (pad 23 smd rect (at 4.7498 2.032) (size 1.99898 0.44958) (layers B.Cu B.Paste B.Mask)
      (net 19 "Net-(U1-Pad23)"))
    (pad 32 smd rect (at -2.82448 4.826) (size 0.44958 1.99898) (layers B.Cu B.Paste B.Mask)
      (net 24 "Net-(U1-Pad32)"))
    (pad 31 smd rect (at -2.02692 4.826) (size 0.44958 1.99898) (layers B.Cu B.Paste B.Mask)
      (net 63 "Net-(P1-Pad8)"))
    (pad 30 smd rect (at -1.22428 4.826) (size 0.44958 1.99898) (layers B.Cu B.Paste B.Mask)
      (net 62 "Net-(P1-Pad7)"))
    (pad 29 smd rect (at -0.42672 4.826) (size 0.44958 1.99898) (layers B.Cu B.Paste B.Mask)
      (net 11 "Net-(P1-Pad6)"))
    (pad 28 smd rect (at 0.37592 4.826) (size 0.44958 1.99898) (layers B.Cu B.Paste B.Mask)
      (net 23 "Net-(U1-Pad28)"))
    (pad 27 smd rect (at 1.17348 4.826) (size 0.44958 1.99898) (layers B.Cu B.Paste B.Mask)
      (net 40 "Net-(R8-Pad1)"))
    (pad 26 smd rect (at 1.97612 4.826) (size 0.44958 1.99898) (layers B.Cu B.Paste B.Mask)
      (net 22 "Net-(U1-Pad26)"))
    (pad 25 smd rect (at 2.77368 4.826) (size 0.44958 1.99898) (layers B.Cu B.Paste B.Mask)
      (net 21 "Net-(U1-Pad25)"))
    (pad 9 smd rect (at -2.8194 -4.7752) (size 0.44958 1.99898) (layers B.Cu B.Paste B.Mask)
      (net 58 "Net-(U1-Pad9)"))
    (pad 10 smd rect (at -2.032 -4.7752) (size 0.44958 1.99898) (layers B.Cu B.Paste B.Mask)
      (net 59 "Net-(U1-Pad10)"))
    (pad 11 smd rect (at -1.2192 -4.7752) (size 0.44958 1.99898) (layers B.Cu B.Paste B.Mask)
      (net 60 "Net-(U1-Pad11)"))
    (pad 12 smd rect (at -0.4318 -4.7752) (size 0.44958 1.99898) (layers B.Cu B.Paste B.Mask)
      (net 13 "Net-(U1-Pad12)"))
    (pad 13 smd rect (at 0.3556 -4.7752) (size 0.44958 1.99898) (layers B.Cu B.Paste B.Mask)
      (net 34 "Net-(U1-Pad13)"))
    (pad 14 smd rect (at 1.1684 -4.7752) (size 0.44958 1.99898) (layers B.Cu B.Paste B.Mask)
      (net 35 "Net-(U1-Pad14)"))
    (pad 15 smd rect (at 1.9812 -4.7752) (size 0.44958 1.99898) (layers B.Cu B.Paste B.Mask)
      (net 14 "Net-(P1-Pad5)"))
    (pad 16 smd rect (at 2.794 -4.7752) (size 0.44958 1.99898) (layers B.Cu B.Paste B.Mask)
      (net 15 "Net-(P1-Pad4)"))
    (model smd/tqfp32.wrl
      (at (xyz 0 0 0))
      (scale (xyz 1 1 1))
      (rotate (xyz 0 0 0))
    )
  )

  (module Connectors_K:CONN_MINI_DIN_4 (layer F.Cu) (tedit 5BBBB9BF) (tstamp 5BC94397)
    (at 270.51 160.655 180)
    (descr https://www.reichelt.de/index.html?ACTION=7&LA=3&OPEN=0&INDEX=0&FILENAME=C160%252FEB-DIO-M04_DB_DE.pdf)
    (tags "Mini DIN plug 4 pin")
    (path /5B93DAE4)
    (fp_text reference J4 (at 0 0.5 180) (layer F.SilkS)
      (effects (font (size 1 1) (thickness 0.15)))
    )
    (fp_text value Tens1 (at 0 -0.5 180) (layer F.Fab)
      (effects (font (size 1 1) (thickness 0.15)))
    )
    (fp_line (start -7 0) (end 7 0) (layer F.SilkS) (width 0.15))
    (fp_line (start 7 0) (end 7 12.4) (layer F.SilkS) (width 0.15))
    (fp_line (start 7 12.4) (end -7 12.4) (layer F.SilkS) (width 0.15))
    (fp_line (start -7 12.4) (end -7 0) (layer F.SilkS) (width 0.15))
    (pad 1 thru_hole circle (at -3.4 8.5 180) (size 1.8 1.8) (drill 0.9) (layers *.Cu *.Mask)
      (net 3 "Net-(J4-Pad1)"))
    (pad 2 thru_hole circle (at 3.4 8.5 180) (size 1.8 1.8) (drill 0.9) (layers *.Cu *.Mask)
      (net 4 "Net-(J4-Pad2)"))
    (pad 3 thru_hole circle (at -3.4 11 180) (size 1.8 1.8) (drill 0.9) (layers *.Cu *.Mask)
      (net 42 "Net-(J1-Pad3)"))
    (pad 4 thru_hole circle (at 3.4 11 180) (size 1.8 1.8) (drill 0.9) (layers *.Cu *.Mask)
      (net 37 GNDA))
    (pad "" np_thru_hole rect (at 0 4.7 180) (size 2.2 0.7) (drill oval 2.2 0.7) (layers *.Cu *.Mask))
  )

  (module Package_TO_SOT_THT:TO-92 (layer F.Cu) (tedit 5A279852) (tstamp 5BCF4C40)
    (at 251.46 120.015 90)
    (descr "TO-92 leads molded, narrow, drill 0.75mm (see NXP sot054_po.pdf)")
    (tags "to-92 sc-43 sc-43a sot54 PA33 transistor")
    (path /5BB63C18)
    (fp_text reference U4 (at 1.27 -3.56 90) (layer F.SilkS)
      (effects (font (size 1 1) (thickness 0.15)))
    )
    (fp_text value LP2950-5.0_TO92 (at 1.27 2.79 90) (layer F.Fab)
      (effects (font (size 1 1) (thickness 0.15)))
    )
    (fp_text user %R (at 1.27 -3.56 90) (layer F.Fab)
      (effects (font (size 1 1) (thickness 0.15)))
    )
    (fp_line (start -0.53 1.85) (end 3.07 1.85) (layer F.SilkS) (width 0.12))
    (fp_line (start -0.5 1.75) (end 3 1.75) (layer F.Fab) (width 0.1))
    (fp_line (start -1.46 -2.73) (end 4 -2.73) (layer F.CrtYd) (width 0.05))
    (fp_line (start -1.46 -2.73) (end -1.46 2.01) (layer F.CrtYd) (width 0.05))
    (fp_line (start 4 2.01) (end 4 -2.73) (layer F.CrtYd) (width 0.05))
    (fp_line (start 4 2.01) (end -1.46 2.01) (layer F.CrtYd) (width 0.05))
    (fp_arc (start 1.27 0) (end 1.27 -2.48) (angle 135) (layer F.Fab) (width 0.1))
    (fp_arc (start 1.27 0) (end 1.27 -2.6) (angle -135) (layer F.SilkS) (width 0.12))
    (fp_arc (start 1.27 0) (end 1.27 -2.48) (angle -135) (layer F.Fab) (width 0.1))
    (fp_arc (start 1.27 0) (end 1.27 -2.6) (angle 135) (layer F.SilkS) (width 0.12))
    (pad 2 thru_hole circle (at 1.27 -1.27 180) (size 1.3 1.3) (drill 0.75) (layers *.Cu *.Mask)
      (net 37 GNDA))
    (pad 3 thru_hole circle (at 2.54 0 180) (size 1.3 1.3) (drill 0.75) (layers *.Cu *.Mask)
      (net 44 /12V))
    (pad 1 thru_hole rect (at 0 0 180) (size 1.3 1.3) (drill 0.75) (layers *.Cu *.Mask)
      (net 31 VCC))
    (model ${KISYS3DMOD}/Package_TO_SOT_THT.3dshapes/TO-92.wrl
      (at (xyz 0 0 0))
      (scale (xyz 1 1 1))
      (rotate (xyz 0 0 0))
    )
  )

  (module ICs_SMD_K:SOIC16_150 (layer B.Cu) (tedit 4CB2CEF0) (tstamp 5BCF2937)
    (at 271.78 138.43 180)
    (descr "SOIC 16 150mil")
    (tags "CMS SOJ")
    (path /5B8D842A)
    (attr smd)
    (fp_text reference U8 (at 0 0.762 180) (layer B.SilkS)
      (effects (font (size 1.016 1.143) (thickness 0.127)) (justify mirror))
    )
    (fp_text value MAX339 (at 0 -0.762 180) (layer B.SilkS)
      (effects (font (size 1.016 1.143) (thickness 0.127)) (justify mirror))
    )
    (fp_line (start -5.461 1.778) (end 5.461 1.778) (layer B.SilkS) (width 0.2032))
    (fp_line (start 5.461 1.778) (end 5.461 -1.778) (layer B.SilkS) (width 0.2032))
    (fp_line (start 5.461 -1.778) (end -5.461 -1.778) (layer B.SilkS) (width 0.2032))
    (fp_line (start -5.461 -1.778) (end -5.461 1.778) (layer B.SilkS) (width 0.2032))
    (fp_line (start -5.461 0.508) (end -4.699 0.508) (layer B.SilkS) (width 0.2032))
    (fp_line (start -4.699 0.508) (end -4.699 -0.508) (layer B.SilkS) (width 0.2032))
    (fp_line (start -4.699 -0.508) (end -5.461 -0.508) (layer B.SilkS) (width 0.2032))
    (pad 1 smd rect (at -4.445 -2.54 180) (size 0.635 1.778) (layers B.Cu B.Paste B.Mask)
      (net 20 "Net-(U1-Pad24)"))
    (pad 2 smd rect (at -3.175 -2.54 180) (size 0.635 1.778) (layers B.Cu B.Paste B.Mask)
      (net 22 "Net-(U1-Pad26)"))
    (pad 3 smd rect (at -1.905 -2.54 180) (size 0.635 1.778) (layers B.Cu B.Paste B.Mask)
      (net 37 GNDA))
    (pad 4 smd rect (at -0.635 -2.54 180) (size 0.635 1.778) (layers B.Cu B.Paste B.Mask)
      (net 3 "Net-(J4-Pad1)"))
    (pad 5 smd rect (at 0.635 -2.54 180) (size 0.635 1.778) (layers B.Cu B.Paste B.Mask)
      (net 33 "Net-(J3-Pad1)"))
    (pad 6 smd rect (at 1.905 -2.54 180) (size 0.635 1.778) (layers B.Cu B.Paste B.Mask)
      (net 32 "Net-(J2-Pad1)"))
    (pad 7 smd rect (at 3.175 -2.54 180) (size 0.635 1.778) (layers B.Cu B.Paste B.Mask)
      (net 54 "Net-(J1-Pad1)"))
    (pad 8 smd rect (at 4.445 -2.54 180) (size 0.635 1.778) (layers B.Cu B.Paste B.Mask)
      (net 49 "Net-(U5-Pad3)"))
    (pad 9 smd rect (at 4.445 2.54 180) (size 0.635 1.778) (layers B.Cu B.Paste B.Mask)
      (net 48 "Net-(U5-Pad2)"))
    (pad 10 smd rect (at 3.175 2.54 180) (size 0.635 1.778) (layers B.Cu B.Paste B.Mask)
      (net 55 "Net-(J1-Pad2)"))
    (pad 11 smd rect (at 1.905 2.54 180) (size 0.635 1.778) (layers B.Cu B.Paste B.Mask)
      (net 36 "Net-(J2-Pad2)"))
    (pad 12 smd rect (at 0.635 2.54 180) (size 0.635 1.778) (layers B.Cu B.Paste B.Mask)
      (net 2 "Net-(J3-Pad2)"))
    (pad 13 smd rect (at -0.635 2.54 180) (size 0.635 1.778) (layers B.Cu B.Paste B.Mask)
      (net 4 "Net-(J4-Pad2)"))
    (pad 14 smd rect (at -1.905 2.54 180) (size 0.635 1.778) (layers B.Cu B.Paste B.Mask)
      (net 65 "Net-(C3-Pad1)"))
    (pad 15 smd rect (at -3.175 2.54 180) (size 0.635 1.778) (layers B.Cu B.Paste B.Mask)
      (net 37 GNDA))
    (pad 16 smd rect (at -4.445 2.54 180) (size 0.635 1.778) (layers B.Cu B.Paste B.Mask)
      (net 21 "Net-(U1-Pad25)"))
    (model smd/cms_so16.wrl
      (at (xyz 0 0 0))
      (scale (xyz 0.5 0.3 0.5))
      (rotate (xyz 0 0 0))
    )
  )

  (module ICs_SMD_K:SOIC8_150 (layer B.Cu) (tedit 4CB2CEBF) (tstamp 5BCF28F0)
    (at 252.095 137.795)
    (descr "SOIC8 150mil")
    (tags "CMS SOJ")
    (path /5B8D8478)
    (attr smd)
    (fp_text reference U6 (at 0 0.889) (layer B.SilkS)
      (effects (font (size 1.143 1.143) (thickness 0.1524)) (justify mirror))
    )
    (fp_text value TS912 (at 0 -1.016) (layer B.SilkS)
      (effects (font (size 0.889 0.889) (thickness 0.1524)) (justify mirror))
    )
    (fp_line (start -2.667 -1.778) (end -2.667 -1.905) (layer B.SilkS) (width 0.127))
    (fp_line (start -2.667 -1.905) (end 2.667 -1.905) (layer B.SilkS) (width 0.127))
    (fp_line (start 2.667 1.905) (end -2.667 1.905) (layer B.SilkS) (width 0.127))
    (fp_line (start -2.667 1.905) (end -2.667 -1.778) (layer B.SilkS) (width 0.127))
    (fp_line (start -2.667 0.508) (end -2.159 0.508) (layer B.SilkS) (width 0.127))
    (fp_line (start -2.159 0.508) (end -2.159 -0.508) (layer B.SilkS) (width 0.127))
    (fp_line (start -2.159 -0.508) (end -2.667 -0.508) (layer B.SilkS) (width 0.127))
    (fp_line (start 2.667 1.905) (end 2.667 -1.905) (layer B.SilkS) (width 0.127))
    (pad 8 smd rect (at -1.905 2.667) (size 0.635 1.778) (layers B.Cu B.Paste B.Mask)
      (net 65 "Net-(C3-Pad1)"))
